$ 65 0.000005 9.001713130052181 50 5 43 5e-11
c 672 896 672 944 0 0.000009999999999999999 1.6491759092203537 0
g 672 944 672 960 0 0
r 672 832 672 896 0 1000
x -182 949 54 995 4 40 Gain\s\p\sOffset\\n(PWM\soffset)
r 848 960 928 960 0 33000
w 1008 960 1088 1040 0
r 928 960 1008 960 0 100000
w 928 1024 928 960 0
w 1040 1040 1088 1040 0
w 800 1024 576 1024 0
w 928 1024 880 1024 0
r 800 1056 880 1056 0 91000
g 928 1056 928 1104 0 0
a 928 1040 1040 1040 8 15 -15 1000000 -0.00001662371481106787 0 100000
g 416 1040 416 1088 0 0
w 528 1024 576 1024 0
w 576 912 576 1024 0
w 576 864 576 912 0
r 496 912 576 912 0 100000
r 496 864 576 864 0 10000
s 416 864 496 864 0 1 false
w 416 912 416 864 0
s 416 912 496 912 0 0 false
w 416 1008 416 912 0
r 336 1008 416 1008 0 33000
a 416 1024 528 1024 8 15 -15 1000000 0.00001659924507829973 0 100000
R 336 1008 256 1008 0 1 100 1.5 1.65 0 0.5
R 672 832 608 832 0 2 20000 1.65 1.65 0 0.5
403 592 736 720 800 0 27_16_0_12290_3.3_0.0001_-1_2_27_3
403 752 784 880 848 0 0_64_0_12290_1.651650288545581_0.0001_-1_2_0_3
403 224 1056 352 1120 0 24_16_0_12290_3.149954547740932_0.0001_-1_2_24_3
403 1056 1072 1280 1200 0 8_16_0_12546_4.550001446398368_0.0001_-1_2_8_3
w 672 896 736 896 0
a 736 912 848 912 9 15 -15 1000000 1.6491594176261775 1.6491759092203537 100000
w 848 912 848 960 0
w 736 928 736 960 0
w 736 960 848 960 0
34 zener-5 1 1.7143528192810002e-7 0 2.0000000000000084 5 1
z -32 1232 -32 1168 2 zener-5
R -32 1328 -112 1328 0 0 40 -12 0 0 0.5
g -32 1168 -32 1152 0 0
r -32 1328 -32 1232 0 1000
p -32 1232 64 1232 1 0 0
x -176 1125 28 1128 4 12 -5\sreference\sfrom\s-12v\susing\slm4040-5
w -32 1232 -96 1232 0
x -265 1210 -116 1213 4 12 Sinks\s10ma\sfrom\s2\sop\samps
i -96 1168 -96 1232 0 0.002
g -96 1168 -96 1152 0 0
R 384 1184 304 1184 0 0 40 1.65 0 0 0.5
403 480 1088 688 1232 0 15_16_0_12290_4.545225906818022_0.0001_-1_2_15_3
r 928 960 928 880 0 100000
R 928 880 848 880 0 0 40 -5 0 0 0.5
R 336 912 256 912 0 0 40 -5 0 0 0.5
r 416 912 336 912 0 100000
a -880 1168 -768 1168 8 15 -15 1000000 0.012498157424545298 0 100000
R -960 1152 -1040 1152 0 1 100 1.65 1.65 0 0.5
r -960 1152 -880 1152 0 33000
r -864 1072 -784 1072 0 100000
w -880 1152 -864 1072 0
r -768 1168 -688 1168 0 750
g -880 1184 -880 1232 0 0
403 -1104 1216 -960 1312 0 54_16_0_12290_3.3_0.0001_-1_2_54_3
w -784 1072 -688 1168 0
403 -736 1248 -560 1344 0 61_16_0_12290_1.7666181908548841_0.0001_-1_2_61_3
r -688 1168 -608 1168 0 100
g -608 1168 -544 1168 0 0
r -864 1072 -944 1072 0 100000
R -944 1072 -1024 1072 0 0 40 -5 0 0 0.5
r 800 1024 880 1024 0 100000
